../data/Data50-16-zero.psv
2.47127075611
6.10363769531
8.57490845142
3.63236693921
19980

../data/Data50-16-zero2.psv
2.47981380617
6.10363769531
8.58345150148
3.62382388914
20047

../data/Data50-16-zero3.psv
2.4794261243
6.10363769531
8.58306381961
3.62421157102
20315

../data/Data50-16-zero5.psv
2.4509161432
6.10363769531
8.55455383851
3.65272155211
19887

../data/Data50-16-zero7.psv
2.46656132205
6.10363769531
8.57019901737
3.63707637326
20018

../data/Data50-16-zero9.psv
2.47817035732
6.10363769531
8.58180805263
3.62546733799
20139

../data/Data50-16-zero11.psv
2.46411034544
6.10363769531
8.56774804075
3.63952734987
19912
